ave_fitness	ave_genome_length	ave_tree_depth	ave_tree_nodes	ave_used_codons	best_fitness	gen	invalids	max_genome_length	max_tree_depth	max_tree_nodes	max_used_codons	min_genome_length	min_tree_depth	min_tree_nodes	min_used_codons	random_seed	runtime_error	time_adjust	time_taken	total_inds	total_time	
0.39374661723647664	49.408	6.342	44.558	33.07	0.7255763382345533	0	0	297	10	260	198	3	3	3	2	129442	0	0	1.0312786102294922	500	1.0312786102294922	
0.342646183435048	51.56	3.3055555555555554	4.9603174603174605	3.4761904761904763	0.7255763382345533	1	249	295	11.0	95.0	73.0	4	3.0	3.0	2.0	129442	0	0	0.13035273551940918	1000	1.1616313457489014	
0.3517348601627615	64.772	3.4082397003745317	4.741573033707865	3.3295880149812733	0.730694075717925	2	483	254	11.0	95.0	73.0	4	3.0	3.0	2.0	129442	0	0	0.12378716468811035	1500	1.2854185104370117	
0.34963533224920235	61.642	3.4315352697095434	5.045643153526971	3.5394190871369293	0.7484864056806503	3	743	235	11.0	95.0	73.0	4	3.0	3.0	2.0	129442	0	0	0.12138104438781738	2000	1.406799554824829	
0.34179332754107755	69.824	3.253968253968254	4.194444444444445	2.880952380952381	0.7484864056806503	4	992	271	11.0	86.0	65.0	4	3.0	3.0	2.0	129442	0	0	0.1217348575592041	2500	1.5285344123840332	
0.34221785390081705	56.46	3.1793893129770994	3.8740458015267176	2.6526717557251906	0.7484864056806503	5	1231	280	9.0	47.0	36.0	4	3.0	3.0	2.0	129442	0	0	0.12172532081604004	3000	1.6502597332000732	
0.35014610730173296	55.04	3.1856060606060606	3.6363636363636362	2.462121212121212	0.7484864056806503	6	1468	235	8.0	29.0	20.0	4	3.0	3.0	2.0	129442	0	0	0.11121201515197754	3500	1.7614717483520508	
0.3487724799390418	59.576	3.2148760330578514	3.7768595041322315	2.5661157024793386	0.7484864056806503	7	1727	239	8.0	29.0	20.0	4	3.0	3.0	2.0	129442	0	0	0.2193143367767334	4000	1.9807860851287842	
0.3459895158801166	55.888	3.152727272727273	3.578181818181818	2.418181818181818	0.7484864056806503	8	1953	243	6.0	29.0	20.0	5	3.0	3.0	2.0	129442	0	0	0.10629057884216309	4500	2.0870766639709473	
0.3441898821310822	54.488	3.167315175097276	3.6614785992217898	2.4785992217898833	0.7484864056806503	9	2197	242	7.0	29.0	20.0	4	3.0	3.0	2.0	129442	0	0	0.11236786842346191	5000	2.199444532394409	
0.34785821071680995	45.776	3.1691176470588234	3.6066176470588234	2.4448529411764706	0.7484864056806503	10	2426	240	9.0	29.0	20.0	4	3.0	3.0	2.0	129442	0	0	0.12206816673278809	5500	2.3215126991271973	
0.343167061452573	42.292	3.178707224334601	3.574144486692015	2.4220532319391634	0.7484864056806503	11	2664	238	7.0	18.0	13.0	2	3.0	3.0	2.0	129442	0	0	0.09848928451538086	6000	2.420001983642578	
0.3427605462652586	37.884	3.1082089552238807	3.4029850746268657	2.294776119402985	0.7484864056806503	12	2897	233	7.0	22.0	16.0	1	3.0	3.0	2.0	129442	0	0	0.09447503089904785	6500	2.514477014541626	
0.3475544415152434	34.202	3.1660516605166054	3.5719557195571956	2.4169741697416973	0.7484864056806503	13	3127	232	8.0	22.0	15.0	3	3.0	3.0	2.0	129442	0	0	0.08915829658508301	7000	2.603635311126709	
0.3481844953987941	36.948	3.1340996168582373	3.4329501915708813	2.314176245210728	0.7484864056806503	14	3367	232	7.0	15.0	11.0	1	3.0	3.0	2.0	129442	0	0	0.10165047645568848	7500	2.7052857875823975	
0.3489300716500742	61.47	3.160337552742616	3.4936708860759493	2.367088607594937	0.7484864056806503	15	3631	236	8.0	21.0	16.0	4	3.0	3.0	2.0	129442	0	0	0.10580182075500488	8000	2.8110876083374023	
0.3478419876141706	62.406	3.1496062992125986	3.440944881889764	2.326771653543307	0.7484864056806503	16	3878	236	8.0	17.0	13.0	4	3.0	3.0	2.0	129442	0	0	0.10110664367675781	8500	2.91219425201416	
0.34742751099933206	48.118	3.146067415730337	3.4719101123595504	2.344569288389513	0.7484864056806503	17	4112	236	8.0	16.0	12.0	2	3.0	3.0	2.0	129442	0	0	0.09734439849853516	9000	3.0095386505126953	
0.34766350980620037	58.444	3.1538461538461537	3.5101214574898787	2.3684210526315788	0.7484864056806503	18	4366	236	8.0	16.0	12.0	4	3.0	3.0	2.0	129442	0	0	0.10921788215637207	9500	3.1187565326690674	
0.34920997183553576	31.066	3.176470588235294	3.556862745098039	2.407843137254902	0.7484864056806503	19	4612	235	8.0	14.0	11.0	4	3.0	3.0	2.0	129442	0	0	0.09201717376708984	10000	3.2107737064361572	
0.3540135402115765	40.28	3.159533073929961	3.5486381322957197	2.3929961089494163	0.7484864056806503	20	4856	236	6.0	11.0	8.0	4	3.0	3.0	2.0	129442	0	0	0.0907449722290039	10500	3.301518678665161	
0.3490895434744027	31.448	3.1294117647058823	3.443137254901961	2.3176470588235296	0.7484864056806503	21	5102	231	6.0	11.0	8.0	4	3.0	3.0	2.0	129442	0	0	0.09096741676330566	11000	3.392486095428467	
0.34378328805643527	17.8	3.066901408450704	3.2253521126760565	2.1619718309859155	0.7484864056806503	22	5319	236	6.0	11.0	8.0	2	3.0	3.0	2.0	129442	0	0	0.08563971519470215	11500	3.478125810623169	
0.3511510831389998	13.544	3.108108108108108	3.359073359073359	2.258687258687259	0.7484864056806503	23	5561	228	7.0	12.0	9.0	2	3.0	3.0	2.0	129442	0	0	0.08096909523010254	12000	3.5590949058532715	
0.3477819011845673	12.572	3.0890688259109313	3.331983805668016	2.2348178137651824	0.7484864056806503	24	5815	228	7.0	22.0	15.0	2	3.0	3.0	2.0	129442	0	0	0.08080720901489258	12500	3.639902114868164	
0.34453034085256123	10.2	3.1353383458646618	3.454887218045113	2.327067669172932	0.7484864056806503	25	6050	19	6.0	11.0	8.0	4	3.0	3.0	2.0	129442	0	0	0.11326360702514648	13000	3.7531657218933105	
0.3402378776999167	10.312	3.1214574898785425	3.4048582995951415	2.291497975708502	0.7484864056806503	26	6304	20	6.0	11.0	8.0	4	3.0	3.0	2.0	129442	0	0	0.09069132804870605	13500	3.8438570499420166	
0.34873705721912024	10.156	3.1704545454545454	3.515151515151515	2.378787878787879	0.7484864056806503	27	6541	18	8.0	16.0	12.0	4	3.0	3.0	2.0	129442	0	0	0.08569622039794922	14000	3.929553270339966	
0.3471800796414637	10.416	3.2213740458015265	3.6717557251908395	2.5	0.7484864056806503	28	6780	20	8.0	20.0	15.0	2	3.0	3.0	2.0	129442	0	0	0.08604788780212402	14500	4.01560115814209	
0.34364549790448534	9.952	3.1747967479674797	3.5772357723577235	2.4186991869918697	0.7484864056806503	29	7035	17	7.0	16.0	12.0	3	3.0	3.0	2.0	129442	0	0	0.08498740196228027	15000	4.10058856010437	
0.3455223451878774	10.568	3.203319502074689	3.6141078838174274	2.4522821576763487	0.7484864056806503	30	7295	21	8.0	16.0	12.0	4	3.0	3.0	2.0	129442	0	0	0.09032058715820312	15500	4.190909147262573	
0.3473544544752069	10.612	3.1646090534979425	3.522633744855967	2.382716049382716	0.7484864056806503	31	7553	22	9.0	16.0	12.0	2	3.0	3.0	2.0	129442	0	0	0.08802556991577148	16000	4.278934717178345	
0.3522770031394131	11.2	3.2046332046332044	3.664092664092664	2.4864864864864864	0.7484864056806503	32	7795	22	8.0	19.0	14.0	4	3.0	3.0	2.0	129442	0	0	0.08290576934814453	16500	4.361840486526489	
0.34946930010030003	10.624	3.1274131274131274	3.44015444015444	2.3204633204633205	0.7484864056806503	33	8037	23	7.0	20.0	15.0	4	3.0	3.0	2.0	129442	0	0	0.08964920043945312	17000	4.451489686965942	
0.3478694404768857	10.782	3.1196911196911197	3.38996138996139	2.281853281853282	0.7484864056806503	34	8279	29	6.0	11.0	8.0	4	3.0	3.0	2.0	129442	0	0	0.0862131118774414	17500	4.537702798843384	
0.3459955374703343	10.026	3.175373134328358	3.5671641791044775	2.41044776119403	0.7484864056806503	35	8512	29	6.0	11.0	8.0	3	3.0	3.0	2.0	129442	0	0	0.08413553237915039	18000	4.621838331222534	
0.3423077005576316	10.01	3.091286307053942	3.3029045643153525	2.224066390041494	0.7484864056806503	36	8772	19	7.0	17.0	13.0	3	3.0	3.0	2.0	129442	0	0	0.08299064636230469	18500	4.704828977584839	
0.34662896018731726	10.452	3.1148148148148147	3.3740740740740742	2.27037037037037	0.7484864056806503	37	9003	22	6.0	11.0	8.0	3	3.0	3.0	2.0	129442	0	0	0.08397340774536133	19000	4.7888023853302	
0.3512579338775048	10.412	3.1482889733840302	3.4866920152091256	2.3536121673003803	0.7484864056806503	38	9241	22	8.0	15.0	11.0	4	3.0	3.0	2.0	129442	0	0	0.08169889450073242	19500	4.870501279830933	
0.3453387414449382	10.32	3.1411764705882352	3.466666666666667	2.3372549019607844	0.7484864056806503	39	9487	21	6.0	14.0	10.0	4	3.0	3.0	2.0	129442	0	0	0.0906212329864502	20000	4.961122512817383	
0.34366269640525093	10.294	3.1284046692607004	3.431906614785992	2.311284046692607	0.7484864056806503	40	9731	23	7.0	15.0	11.0	4	3.0	3.0	2.0	129442	0	0	0.08178377151489258	20500	5.042906284332275	
0.3489073507212869	10.418	3.1152416356877324	3.37546468401487	2.2713754646840147	0.7484864056806503	41	9963	28	6.0	11.0	8.0	4	3.0	3.0	2.0	129442	0	0	0.08377385139465332	21000	5.126680135726929	
0.34619684841933546	10.134	3.1180811808118083	3.3800738007380073	2.2767527675276753	0.7484864056806503	42	10193	20	7.0	13.0	10.0	4	3.0	3.0	2.0	129442	0	0	0.09511637687683105	21500	5.22179651260376	
0.3492408011854268	9.954	3.1451612903225805	3.4596774193548385	2.3346774193548385	0.7484864056806503	43	10446	22	9.0	14.0	11.0	4	3.0	3.0	2.0	129442	0	0	0.08495879173278809	22000	5.306755304336548	
0.3479723187469332	9.838	3.109375	3.3828125	2.2734375	0.7484864056806503	44	10691	22	5.0	10.0	7.0	4	3.0	3.0	2.0	129442	0	0	0.1210627555847168	22500	5.427818059921265	
0.3457036631052054	9.956	3.0823045267489713	3.288065843621399	2.205761316872428	0.7484864056806503	45	10949	20	5.0	10.0	7.0	4	3.0	3.0	2.0	129442	0	0	0.08640909194946289	23000	5.5142271518707275	
0.3437658471218935	10.202	3.092741935483871	3.314516129032258	2.225806451612903	0.7484864056806503	46	11202	21	6.0	11.0	8.0	3	3.0	3.0	2.0	129442	0	0	0.08879852294921875	23500	5.603025674819946	
0.35149434362515114	9.898	3.1544117647058822	3.4963235294117645	2.360294117647059	0.7484864056806503	47	11431	19	8.0	16.0	12.0	3	3.0	3.0	2.0	129442	0	0	0.08925557136535645	24000	5.692281246185303	
0.3541568124857033	9.818	3.1877551020408164	3.6	2.436734693877551	0.7484864056806503	48	11687	19	7.0	13.0	10.0	3	3.0	3.0	2.0	129442	0	0	0.08345794677734375	24500	5.7757391929626465	
0.34639709064137864	10.216	3.1387755102040815	3.4653061224489794	2.3346938775510204	0.7484864056806503	49	11943	19	6.0	11.0	8.0	3	3.0	3.0	2.0	129442	0	0	0.07999420166015625	25000	5.855733394622803	
0.3461918548259505	10.1	3.125984251968504	3.374015748031496	2.2755905511811023	0.7484864056806503	50	12190	21	9.0	17.0	13.0	3	3.0	3.0	2.0	129442	0	0	0.08305668830871582	25500	5.9387900829315186	
0.3537293258859863	9.908	3.1478599221789882	3.4785992217898833	2.3463035019455254	0.7484864056806503	51	12434	20	6.0	11.0	8.0	4	3.0	3.0	2.0	129442	0	0	0.0881195068359375	26000	6.026909589767456	
0.3428604110181818	9.904	3.1056603773584905	3.362264150943396	2.260377358490566	0.7484864056806503	52	12670	18	6.0	14.0	10.0	4	3.0	3.0	2.0	129442	0	0	0.08947634696960449	26500	6.1163859367370605	
0.3491722470812576	9.958	3.143410852713178	3.4728682170542635	2.3410852713178296	0.7484864056806503	53	12913	17	7.0	12.0	9.0	4	3.0	3.0	2.0	129442	0	0	0.08660006523132324	27000	6.202986001968384	
0.34740107742619364	9.968	3.128630705394191	3.3900414937759336	2.2863070539419086	0.7484864056806503	54	13173	21	9.0	15.0	11.0	4	3.0	3.0	2.0	129442	0	0	0.08532500267028809	27500	6.288311004638672	
0.35287959607816255	10.236	3.153225806451613	3.528225806451613	2.379032258064516	0.7484864056806503	55	13426	21	6.0	14.0	10.0	4	3.0	3.0	2.0	129442	0	0	0.08377623558044434	28000	6.372087240219116	
0.3445242403816008	10.314	3.14453125	3.4609375	2.33984375	0.7484864056806503	56	13671	20	9.0	22.0	17.0	4	3.0	3.0	2.0	129442	0	0	0.08408641815185547	28500	6.456173658370972	
0.3482374353883972	10.558	3.2595419847328246	3.8206106870229006	2.6068702290076335	0.7484864056806503	57	13910	20	8.0	17.0	13.0	4	3.0	3.0	2.0	129442	0	0	0.088836669921875	29000	6.545010328292847	
0.34420087967614016	10.748	3.1593625498007967	3.50199203187251	2.366533864541833	0.7484864056806503	58	14160	22	10.0	21.0	16.0	4	3.0	3.0	2.0	129442	0	0	0.08754491806030273	29500	6.632555246353149	
0.34971662816146737	10.65	3.1659751037344397	3.5435684647302903	2.3941908713692945	0.7484864056806503	59	14420	27	8.0	16.0	12.0	2	3.0	3.0	2.0	129442	0	0	0.07819843292236328	30000	6.710753679275513	
0.3388827263633103	10.764	3.1068702290076335	3.33206106870229	2.2442748091603053	0.7484864056806503	60	14659	28	8.0	16.0	12.0	3	3.0	3.0	2.0	129442	0	0	0.0835123062133789	30500	6.794265985488892	
0.3483338784827689	11.292	3.1821561338289963	3.5724907063197024	2.420074349442379	0.7484864056806503	61	14891	26	9.0	23.0	17.0	4	3.0	3.0	2.0	129442	0	0	0.08991527557373047	31000	6.884181261062622	
0.34626027973913587	11.42	3.19140625	3.6015625	2.44140625	0.7484864056806503	62	15136	32	8.0	18.0	13.0	3	3.0	3.0	2.0	129442	0	0	0.09540295600891113	31500	6.979584217071533	
0.3465122000564227	11.06	3.183206106870229	3.5877862595419847	2.431297709923664	0.7484864056806503	63	15375	23	8.0	16.0	12.0	3	3.0	3.0	2.0	129442	0	0	0.11526632308959961	32000	7.094850540161133	
0.34437309834397034	10.4	3.1715481171548117	3.5481171548117154	2.401673640167364	0.7484864056806503	64	15637	28	8.0	20.0	15.0	4	3.0	3.0	2.0	129442	0	0	0.08215665817260742	32500	7.17700719833374	
0.3465565593878726	10.794	3.146938775510204	3.4857142857142858	2.3510204081632655	0.7484864056806503	65	15893	22	6.0	14.0	10.0	4	3.0	3.0	2.0	129442	0	0	0.08874702453613281	33000	7.265754222869873	
0.3511760721526587	10.802	3.168539325842697	3.5842696629213484	2.4194756554307117	0.7484864056806503	66	16127	22	7.0	15.0	11.0	3	3.0	3.0	2.0	129442	0	0	0.08404660224914551	33500	7.3498008251190186	
0.34748531490427936	10.464	3.1555555555555554	3.5	2.362962962962963	0.7484864056806503	67	16358	23	7.0	15.0	11.0	4	3.0	3.0	2.0	129442	0	0	0.08568572998046875	34000	7.435486555099487	
0.3516897933522973	10.29	3.1587301587301586	3.511904761904762	2.373015873015873	0.7484864056806503	68	16607	23	8.0	17.0	13.0	3	3.0	3.0	2.0	129442	0	0	0.08046078681945801	34500	7.515947341918945	
0.34615979349024734	10.576	3.167315175097276	3.5252918287937742	2.385214007782101	0.7484864056806503	69	16851	23	11.0	23.0	18.0	1	3.0	3.0	2.0	129442	0	0	0.08485722541809082	35000	7.600804567337036	
0.35361261088280627	10.544	3.1466165413533833	3.4849624060150375	2.3496240601503757	0.7484864056806503	70	17086	23	6.0	11.0	8.0	4	3.0	3.0	2.0	129442	0	0	0.0993044376373291	35500	7.700109004974365	
0.35438988828193835	10.498	3.13953488372093	3.449612403100775	2.3255813953488373	0.7484864056806503	71	17329	23	7.0	12.0	9.0	4	3.0	3.0	2.0	129442	0	0	0.08801674842834473	36000	7.78812575340271	
0.34811600090449524	10.726	3.1178861788617884	3.3983739837398375	2.2886178861788617	0.7484864056806503	72	17584	19	8.0	17.0	13.0	4	3.0	3.0	2.0	129442	0	0	0.08033418655395508	36500	7.868459939956665	
0.3490270027216967	10.504	3.1526717557251906	3.50381679389313	2.366412213740458	0.7484864056806503	73	17823	21	8.0	17.0	13.0	4	3.0	3.0	2.0	129442	0	0	0.0861215591430664	37000	7.9545814990997314	
0.34467305249845914	10.454	3.1312741312741315	3.436293436293436	2.3166023166023164	0.7484864056806503	74	18065	23	7.0	18.0	13.0	4	3.0	3.0	2.0	129442	0	0	0.09490466117858887	37500	8.04948616027832	
0.34373683786970316	10.508	3.159090909090909	3.477272727272727	2.356060606060606	0.7484864056806503	75	18302	28	8.0	18.0	13.0	3	3.0	3.0	2.0	129442	0	0	0.08816766738891602	38000	8.137653827667236	
0.35577232437100065	10.77	3.1314741035856573	3.446215139442231	2.3227091633466137	0.7484864056806503	76	18552	25	7.0	15.0	11.0	3	3.0	3.0	2.0	129442	0	0	0.08270096778869629	38500	8.220354795455933	
0.3493670841324123	10.28	3.1484375	3.48046875	2.3515625	0.7484864056806503	77	18797	20	7.0	18.0	13.0	4	3.0	3.0	2.0	129442	0	0	0.08788728713989258	39000	8.308242082595825	
0.3442845214787132	10.252	3.1361867704280155	3.4085603112840466	2.299610894941634	0.7484864056806503	78	19041	20	8.0	13.0	10.0	4	3.0	3.0	2.0	129442	0	0	0.08313393592834473	39500	8.39137601852417	
0.34596103939172834	10.41	3.104	3.364	2.264	0.7484864056806503	79	19292	20	7.0	17.0	13.0	3	3.0	3.0	2.0	129442	0	0	0.08454728126525879	40000	8.475923299789429	
0.34832257115778614	10.146	3.1553030303030303	3.4886363636363638	2.356060606060606	0.7484864056806503	80	19529	21	8.0	16.0	12.0	2	3.0	3.0	2.0	129442	0	0	0.08709311485290527	40500	8.563016414642334	
0.3512555306116023	10.86	3.194915254237288	3.610169491525424	2.4491525423728815	0.7484864056806503	81	19794	23	11.0	24.0	19.0	4	3.0	3.0	2.0	129442	0	0	0.08621096611022949	41000	8.649227380752563	
0.3463413300085389	10.456	3.1626984126984126	3.5515873015873014	2.4007936507936507	0.7484864056806503	82	20043	24	7.0	25.0	18.0	4	3.0	3.0	2.0	129442	0	0	0.12409710884094238	41500	8.773324489593506	
0.3454522694146012	11.294	3.1524163568773234	3.479553903345725	2.349442379182156	0.7484864056806503	83	20275	27	8.0	16.0	12.0	4	3.0	3.0	2.0	129442	0	0	0.09053349494934082	42000	8.863857984542847	
0.3459600938401377	10.638	3.1494252873563218	3.4559386973180075	2.3333333333333335	0.7484864056806503	84	20515	24	10.0	15.0	12.0	4	3.0	3.0	2.0	129442	0	0	0.0868535041809082	42500	8.950711488723755	
0.34731044095525604	10.3	3.1482889733840302	3.4866920152091256	2.3536121673003803	0.7484864056806503	85	20753	29	8.0	16.0	12.0	3	3.0	3.0	2.0	129442	0	0	0.08633184432983398	43000	9.037043333053589	
0.347788681489269	10.334	3.153558052434457	3.48689138576779	2.355805243445693	0.7484864056806503	86	20987	30	7.0	15.0	11.0	3	3.0	3.0	2.0	129442	0	0	0.08565807342529297	43500	9.122701406478882	
0.3433470667819388	10.032	3.112781954887218	3.338345864661654	2.2481203007518795	0.7484864056806503	87	21222	28	6.0	11.0	8.0	3	3.0	3.0	2.0	129442	0	0	0.08511662483215332	44000	9.207818031311035	
0.3425311415608224	10.214	3.113821138211382	3.3577235772357725	2.2601626016260163	0.7484864056806503	88	21477	31	6.0	11.0	8.0	3	3.0	3.0	2.0	129442	0	0	0.09165525436401367	44500	9.299473285675049	
0.3487784764929364	10.894	3.1411764705882352	3.454901960784314	2.3294117647058825	0.7484864056806503	89	21723	34	6.0	11.0	8.0	4	3.0	3.0	2.0	129442	0	0	0.09058809280395508	45000	9.390061378479004	
0.3433489978890392	11.374	3.1704545454545454	3.534090909090909	2.390151515151515	0.7484864056806503	90	21960	31	7.0	12.0	9.0	4	3.0	3.0	2.0	129442	0	0	0.08623909950256348	45500	9.476300477981567	
0.34622327746172693	11.048	3.1634241245136185	3.517509727626459	2.377431906614786	0.7484864056806503	91	22204	32	7.0	18.0	13.0	4	3.0	3.0	2.0	129442	0	0	0.08242678642272949	46000	9.558727264404297	
0.3520548273098383	11.094	3.1752988047808763	3.5338645418326693	2.3904382470119523	0.7484864056806503	92	22454	37	6.0	11.0	8.0	3	3.0	3.0	2.0	129442	0	0	0.08494043350219727	46500	9.643667697906494	
0.3471188279711715	10.946	3.1493775933609958	3.4730290456431536	2.3443983402489628	0.7484864056806503	93	22714	35	7.0	15.0	11.0	4	3.0	3.0	2.0	129442	0	0	0.08375763893127441	47000	9.727425336837769	
0.35177031477399284	10.81	3.122047244094488	3.4015748031496065	2.2913385826771653	0.7484864056806503	94	22961	21	7.0	13.0	10.0	3	3.0	3.0	2.0	129442	0	0	0.08464550971984863	47500	9.812070846557617	
0.3444672983044254	10.368	3.189922480620155	3.608527131782946	2.445736434108527	0.7484864056806503	95	23204	21	8.0	20.0	15.0	3	3.0	3.0	2.0	129442	0	0	0.08196020126342773	48000	9.894031047821045	
0.343826523034075	10.678	3.141263940520446	3.4014869888475836	2.2973977695167287	0.7484864056806503	96	23436	20	9.0	14.0	11.0	3	3.0	3.0	2.0	129442	0	0	0.08232331275939941	48500	9.976354360580444	
0.3485788425809965	10.44	3.1621621621621623	3.4787644787644787	2.3552123552123554	0.7484864056806503	97	23678	21	9.0	18.0	14.0	3	3.0	3.0	2.0	129442	0	0	0.09351062774658203	49000	10.069864988327026	
0.3438475234532797	10.368	3.1387755102040815	3.4285714285714284	2.3142857142857145	0.7484864056806503	98	23934	20	9.0	17.0	13.0	3	3.0	3.0	2.0	129442	0	0	0.09980988502502441	49500	10.16967487335205	
0.34538206866818616	10.71	3.1666666666666665	3.511627906976744	2.375968992248062	0.7484864056806503	99	24177	20	8.0	17.0	13.0	4	3.0	3.0	2.0	129442	0	0	0.08217000961303711	50000	10.251844882965088	
0.34003334429727294	10.902	3.159851301115242	3.5018587360594795	2.3680297397769516	0.7484864056806503	100	24409	23	7.0	16.0	12.0	4	3.0	3.0	2.0	129442	0	0	0.08783864974975586	50500	10.339683532714844	
0.3478709853916964	10.684	3.1302681992337167	3.42911877394636	2.310344827586207	0.7484864056806503	101	24649	22	7.0	15.0	11.0	4	3.0	3.0	2.0	129442	0	0	0.11081719398498535	51000	10.450500726699829	
0.3476198503182504	10.594	3.2868217054263567	3.9302325581395348	2.6782945736434107	0.7484864056806503	102	24892	24	8.0	16.0	12.0	4	3.0	3.0	2.0	129442	0	0	0.08480620384216309	51500	10.535306930541992	
0.34699529790554	10.602	3.1814671814671813	3.5675675675675675	2.416988416988417	0.7484864056806503	103	25134	26	6.0	14.0	10.0	2	3.0	3.0	2.0	129442	0	0	0.08852505683898926	52000	10.623831987380981	
0.343210352260977	10.438	3.152	3.472	2.344	0.7484864056806503	104	25385	21	7.0	12.0	9.0	4	3.0	3.0	2.0	129442	0	0	0.08289027214050293	52500	10.706722259521484	
0.34797143155736876	10.684	3.1274131274131274	3.4092664092664093	2.2972972972972974	0.7484864056806503	105	25627	21	7.0	15.0	11.0	3	3.0	3.0	2.0	129442	0	0	0.08206772804260254	53000	10.788789987564087	
0.3395145598046214	10.41	3.1328125	3.41015625	2.30078125	0.7484864056806503	106	25872	22	8.0	16.0	12.0	3	3.0	3.0	2.0	129442	0	0	0.0809783935546875	53500	10.869768381118774	
0.3418752688386216	10.822	3.1547169811320757	3.4716981132075473	2.3471698113207546	0.7484864056806503	107	26108	21	8.0	16.0	12.0	4	3.0	3.0	2.0	129442	0	0	0.08813095092773438	54000	10.957899332046509	
0.3493289209778702	11.068	3.161417322834646	3.5354330708661417	2.3897637795275593	0.7484864056806503	108	26355	21	7.0	18.0	13.0	4	3.0	3.0	2.0	129442	0	0	0.08811187744140625	54500	11.046011209487915	
0.34953700595147613	10.806	3.129166666666667	3.4208333333333334	2.3041666666666667	0.7484864056806503	109	26616	22	6.0	11.0	8.0	4	3.0	3.0	2.0	129442	0	0	0.08599853515625	55000	11.132009744644165	
0.3419037381296371	10.198	3.0793650793650795	3.257936507936508	2.1865079365079363	0.7484864056806503	110	26865	23	6.0	11.0	8.0	4	3.0	3.0	2.0	129442	0	0	0.09022259712219238	55500	11.222232341766357	
0.3498672870853313	10.566	3.1163636363636362	3.410909090909091	2.2945454545454544	0.7484864056806503	111	27091	22	7.0	21.0	14.0	4	3.0	3.0	2.0	129442	0	0	0.09404897689819336	56000	11.31628131866455	
0.35215274811041486	11.226	3.2520661157024793	3.8264462809917354	2.6115702479338845	0.7484864056806503	112	27350	31	10.0	24.0	18.0	4	3.0	3.0	2.0	129442	0	0	0.0920264720916748	56500	11.408307790756226	
0.3457962558298998	11.23	3.144	3.484	2.348	0.7484864056806503	113	27601	31	6.0	11.0	8.0	4	3.0	3.0	2.0	129442	0	0	0.09603738784790039	57000	11.504345178604126	
0.3512934470597048	11.038	3.2025316455696204	3.654008438818565	2.4852320675105486	0.7484864056806503	114	27865	31	10.0	25.0	19.0	4	3.0	3.0	2.0	129442	0	0	0.0869133472442627	57500	11.591258525848389	
0.3432154181178055	12.892	3.1548117154811717	3.510460251046025	2.3723849372384938	0.7484864056806503	115	28127	37	10.0	25.0	19.0	4	3.0	3.0	2.0	129442	0	0	0.08707475662231445	58000	11.678333282470703	
0.34956770436500595	12.29	3.2169117647058822	3.7205882352941178	2.525735294117647	0.7484864056806503	116	28356	37	10.0	23.0	18.0	4	3.0	3.0	2.0	129442	0	0	0.08627796173095703	58500	11.76461124420166	
0.34883548806834147	12.298	3.232283464566929	3.716535433070866	2.531496062992126	0.7484864056806503	117	28603	31	9.0	18.0	14.0	2	3.0	3.0	2.0	129442	0	0	0.0956106185913086	59000	11.860221862792969	
0.346969575246882	12.268	3.2022900763358777	3.6793893129770994	2.50381679389313	0.7484864056806503	118	28842	26	8.0	20.0	15.0	4	3.0	3.0	2.0	129442	0	0	0.0898292064666748	59500	11.950051069259644	
0.342349959578703	12.85	3.211764705882353	3.6901960784313728	2.5098039215686274	0.7484864056806503	119	29088	32	10.0	24.0	18.0	4	3.0	3.0	2.0	129442	0	0	0.08485937118530273	60000	12.034910440444946	
0.3501407926622733	13.41	3.1897233201581026	3.5968379446640317	2.438735177865613	0.7484864056806503	120	29336	29	8.0	17.0	13.0	4	3.0	3.0	2.0	129442	0	0	0.12311601638793945	60500	12.158026456832886	
0.35486738233424786	11.714	3.2186234817813766	3.7044534412955468	2.51417004048583	0.7484864056806503	121	29590	26	8.0	17.0	13.0	4	3.0	3.0	2.0	129442	0	0	0.0859076976776123	61000	12.243934154510498	
0.3482771795431745	11.124	3.1825396825396823	3.5634920634920637	2.4126984126984126	0.7484864056806503	122	29839	23	7.0	15.0	11.0	4	3.0	3.0	2.0	129442	0	0	0.0877523422241211	61500	12.33168649673462	
0.35227355771740393	11.292	3.168831168831169	3.5844155844155843	2.41991341991342	0.7484864056806503	123	30109	21	7.0	15.0	11.0	4	3.0	3.0	2.0	129442	0	0	0.0779733657836914	62000	12.40965986251831	
0.34590449328072015	11.732	3.13953488372093	3.4806201550387597	2.3449612403100777	0.7484864056806503	124	30352	22	6.0	14.0	10.0	4	3.0	3.0	2.0	129442	0	0	0.08590412139892578	62500	12.495563983917236	
0.3471186122884868	10.94	3.122047244094488	3.4330708661417324	2.311023622047244	0.7484864056806503	125	30599	23	7.0	18.0	13.0	4	3.0	3.0	2.0	129442	0	0	0.09295988082885742	63000	12.588523864746094	
0.34378433203206427	10.872	3.1259541984732824	3.4160305343511452	2.301526717557252	0.7484864056806503	126	30838	23	6.0	12.0	9.0	4	3.0	3.0	2.0	129442	0	0	0.09065365791320801	63500	12.679177522659302	
0.3428421214050485	10.654	3.1198347107438016	3.3801652892561984	2.2768595041322315	0.7484864056806503	127	31097	23	8.0	16.0	12.0	4	3.0	3.0	2.0	129442	0	0	0.09009003639221191	64000	12.769267559051514	
0.34612882762560054	10.554	3.132295719844358	3.431906614785992	2.315175097276265	0.7484864056806503	128	31341	25	8.0	16.0	12.0	3	3.0	3.0	2.0	129442	0	0	0.08108139038085938	64500	12.850348949432373	
0.3439796482066176	10.362	3.0968992248062017	3.3217054263565893	2.2325581395348837	0.7484864056806503	129	31584	26	6.0	14.0	10.0	5	3.0	3.0	2.0	129442	0	0	0.08662796020507812	65000	12.936976909637451	
0.3527432451309514	10.354	3.115830115830116	3.4054054054054053	2.2895752895752897	0.7484864056806503	130	31826	30	5.0	10.0	7.0	4	3.0	3.0	2.0	129442	0	0	0.08531475067138672	65500	13.022291660308838	
0.3481096854459296	10.316	3.136	3.456	2.328	0.7484864056806503	131	32077	25	6.0	11.0	8.0	4	3.0	3.0	2.0	129442	0	0	0.08444333076477051	66000	13.106734991073608	
0.3551537544960727	10.238	3.240816326530612	3.804081632653061	2.5918367346938775	0.7484864056806503	132	32333	25	7.0	18.0	13.0	4	3.0	3.0	2.0	129442	0	0	0.0859220027923584	66500	13.192656993865967	
0.3456116183424037	11.106	3.152542372881356	3.5042372881355934	2.3686440677966103	0.7484864056806503	133	32598	24	7.0	20.0	15.0	4	3.0	3.0	2.0	129442	0	0	0.09127640724182129	67000	13.283933401107788	
0.3476236122292163	10.932	3.161172161172161	3.567765567765568	2.413919413919414	0.7484864056806503	134	32826	24	7.0	29.0	21.0	4	3.0	3.0	2.0	129442	0	0	0.09012961387634277	67500	13.37406301498413	
0.3498405833330683	10.776	3.197879858657244	3.618374558303887	2.4558303886925796	0.7484864056806503	135	33044	24	8.0	17.0	13.0	3	3.0	3.0	2.0	129442	0	0	0.09300804138183594	68000	13.467071056365967	
0.34580875565327085	10.706	3.214574898785425	3.672064777327935	2.4898785425101213	0.7484864056806503	136	33298	24	9.0	15.0	11.0	4	3.0	3.0	2.0	129442	0	0	0.0926809310913086	68500	13.559751987457275	
0.34320754024285766	10.444	3.1102362204724407	3.358267716535433	2.2598425196850394	0.7484864056806503	137	33545	19	7.0	15.0	11.0	4	3.0	3.0	2.0	129442	0	0	0.09270834922790527	69000	13.65246033668518	
0.3459466803630821	10.266	3.09811320754717	3.3056603773584907	2.2226415094339624	0.7484864056806503	138	33781	21	8.0	13.0	10.0	3	3.0	3.0	2.0	129442	0	0	0.08697390556335449	69500	13.739434242248535	
0.3516545185380403	10.082	3.0676691729323307	3.236842105263158	2.169172932330827	0.7484864056806503	139	34016	20	5.0	10.0	7.0	2	3.0	3.0	2.0	129442	0	0	0.08203434944152832	70000	13.821468591690063	
0.3500482465272437	9.736	3.1338582677165356	3.4488188976377954	2.322834645669291	0.7484864056806503	140	34263	21	6.0	11.0	8.0	2	3.0	3.0	2.0	129442	0	0	0.11263203620910645	70500	13.93410062789917	
0.3476438610728369	9.732	3.1054545454545455	3.3454545454545452	2.250909090909091	0.7484864056806503	141	34489	22	6.0	12.0	9.0	3	3.0	3.0	2.0	129442	0	0	0.0826570987701416	71000	14.016757726669312	
0.3457345368913261	10.092	3.0970149253731343	3.3171641791044775	2.2313432835820897	0.7484864056806503	142	34722	22	7.0	15.0	11.0	3	3.0	3.0	2.0	129442	0	0	0.08715152740478516	71500	14.103909254074097	
0.34595672311096626	10.272	3.1102362204724407	3.3818897637795278	2.2755905511811023	0.7484864056806503	143	34969	22	7.0	18.0	13.0	4	3.0	3.0	2.0	129442	0	0	0.085693359375	72000	14.189602613449097	
0.34791354994678264	10.098	3.10727969348659	3.3563218390804597	2.256704980842912	0.7484864056806503	144	35209	19	6.0	11.0	8.0	4	3.0	3.0	2.0	129442	0	0	0.08209919929504395	72500	14.27170181274414	
0.347868503089349	10.348	3.1330798479087454	3.444866920152091	2.32319391634981	0.7484864056806503	145	35447	22	7.0	15.0	11.0	4	3.0	3.0	2.0	129442	0	0	0.08512759208679199	73000	14.356829404830933	
0.34436591837858477	9.888	3.0817843866171004	3.278810408921933	2.200743494423792	0.7484864056806503	146	35679	18	6.0	14.0	10.0	3	3.0	3.0	2.0	129442	0	0	0.08544731140136719	73500	14.4422767162323	
0.3524140677430822	9.768	3.1315789473684212	3.4511278195488724	2.3233082706766917	0.7484864056806503	147	35914	20	6.0	11.0	8.0	1	3.0	3.0	2.0	129442	0	0	0.08642268180847168	74000	14.528699398040771	
0.348776307592765	10.36	3.1185770750988144	3.4031620553359683	2.292490118577075	0.7484864056806503	148	36162	19	8.0	16.0	12.0	3	3.0	3.0	2.0	129442	0	0	0.09111833572387695	74500	14.619817733764648	
0.34871353262116067	10.572	3.2070175438596493	3.6842105263157894	2.498245614035088	0.7484864056806503	149	36378	23	8.0	16.0	12.0	3	3.0	3.0	2.0	129442	0	0	0.09757542610168457	75000	14.717393159866333	
0.34537526563684484	10.38	3.10727969348659	3.3563218390804597	2.256704980842912	0.7484864056806503	150	36618	24	7.0	12.0	9.0	2	3.0	3.0	2.0	129442	0	0	0.08512425422668457	75500	14.802517414093018	
